function mpc = Pre_data
    mpc.baseMVA = 10;
    mpc.Vb = 12.66;
    mpc.eta_loss_plan = 8;
    mpc.eta_RES_plan = 2;
    mpc.P_Load = [0.000000000000000 0.000000000000000 0.000000000000000 0.000000000000000 0.000000000000000 0.000000000000000 0.000000000000000 0.000000000000000 0.000000000000000 0.000000000000000 0.000000000000000 0.000000000000000 0.000000000000000 0.000000000000000 0.000000000000000 0.000000000000000 0.000000000000000 0.000000000000000 0.000000000000000 0.000000000000000 0.000000000000000 0.000000000000000 0.000000000000000 0.000000000000000
                  0.000000000000000 0.000000000000000 0.000000000000000 0.000000000000000 0.000000000000000 0.000000000000000 0.000000000000000 0.000000000000000 0.000000000000000 0.000000000000000 0.000000000000000 0.000000000000000 0.000000000000000 0.000000000000000 0.000000000000000 0.000000000000000 0.000000000000000 0.000000000000000 0.000000000000000 0.000000000000000 0.000000000000000 0.000000000000000 0.000000000000000 0.000000000000000
                  0.000000000000000 0.000000000000000 0.000000000000000 0.000000000000000 0.000000000000000 0.000000000000000 0.000000000000000 0.000000000000000 0.000000000000000 0.000000000000000 0.000000000000000 0.000000000000000 0.000000000000000 0.000000000000000 0.000000000000000 0.000000000000000 0.000000000000000 0.000000000000000 0.000000000000000 0.000000000000000 0.000000000000000 0.000000000000000 0.000000000000000 0.000000000000000
                  0.000000000000000 0.000000000000000 0.000000000000000 0.000000000000000 0.000000000000000 0.000000000000000 0.000000000000000 0.000000000000000 0.000000000000000 0.000000000000000 0.000000000000000 0.000000000000000 0.000000000000000 0.000000000000000 0.000000000000000 0.000000000000000 0.000000000000000 0.000000000000000 0.000000000000000 0.000000000000000 0.000000000000000 0.000000000000000 0.000000000000000 0.000000000000000
                  0.000000000000000 0.000080600000000 0.000078000000000 0.000072800000000 0.000067600000000 0.000067600000000 0.000065000000000 0.000065000000000 0.000065000000000 0.000057200000000 0.000059800000000 0.000195000000000 0.000213200000000 0.000228800000000 0.000202800000000 0.000143000000000 0.000104000000000 0.000169000000000 0.000208000000000 0.000249600000000 0.000260000000000 0.000234000000000 0.000169000000000 0.000117000000000
                  0.000000000000000 0.001252400000000 0.001212000000000 0.001131200000000 0.001050400000000 0.001050400000000 0.001010000000000 0.001010000000000 0.001010000000000 0.000888800000000 0.000929200000000 0.003030000000000 0.003312800000000 0.003555200000000 0.003151200000000 0.002222000000000 0.001616000000000 0.002626000000000 0.003232000000000 0.003878400000000 0.004040000000000 0.003636000000000 0.002626000000000 0.001818000000000
                  0.000000000000000 0.002325000000000 0.002250000000000 0.002100000000000 0.001950000000000 0.001950000000000 0.001875000000000 0.001875000000000 0.001875000000000 0.001650000000000 0.001725000000000 0.005625000000000 0.006150000000000 0.006600000000000 0.005850000000000 0.004125000000000 0.003000000000000 0.004875000000000 0.006000000000000 0.007200000000000 0.007500000000000 0.006750000000000 0.004875000000000 0.003375000000000
                  0.000000000000000 0.000930000000000 0.000900000000000 0.000840000000000 0.000780000000000 0.000780000000000 0.000750000000000 0.000750000000000 0.000750000000000 0.000660000000000 0.000690000000000 0.002250000000000 0.002460000000000 0.002640000000000 0.002340000000000 0.001650000000000 0.001200000000000 0.001950000000000 0.002400000000000 0.002880000000000 0.003000000000000 0.002700000000000 0.001950000000000 0.001350000000000
                  0.000000000000000 0.000868000000000 0.000840000000000 0.000784000000000 0.000728000000000 0.000728000000000 0.000700000000000 0.000700000000000 0.000700000000000 0.000616000000000 0.000644000000000 0.002100000000000 0.002296000000000 0.002464000000000 0.002184000000000 0.001540000000000 0.001120000000000 0.001820000000000 0.002240000000000 0.002688000000000 0.002800000000000 0.002520000000000 0.001820000000000 0.001260000000000
                  0.000000000000000 0.004495000000000 0.004350000000000 0.004060000000000 0.003770000000000 0.003770000000000 0.003625000000000 0.003625000000000 0.003625000000000 0.003190000000000 0.003335000000000 0.010875000000000 0.011890000000000 0.012760000000000 0.011310000000000 0.007975000000000 0.005800000000000 0.009425000000000 0.011600000000000 0.013920000000000 0.014500000000000 0.013050000000000 0.009425000000000 0.006525000000000
                  0.000000000000000 0.004495000000000 0.004350000000000 0.004060000000000 0.003770000000000 0.003770000000000 0.003625000000000 0.003625000000000 0.003625000000000 0.003190000000000 0.003335000000000 0.010875000000000 0.011890000000000 0.012760000000000 0.011310000000000 0.007975000000000 0.005800000000000 0.009425000000000 0.011600000000000 0.013920000000000 0.014500000000000 0.013050000000000 0.009425000000000 0.006525000000000
                  0.000000000000000 0.000248000000000 0.000240000000000 0.000224000000000 0.000208000000000 0.000208000000000 0.000200000000000 0.000200000000000 0.000200000000000 0.000176000000000 0.000184000000000 0.000600000000000 0.000656000000000 0.000704000000000 0.000624000000000 0.000440000000000 0.000320000000000 0.000520000000000 0.000640000000000 0.000768000000000 0.000800000000000 0.000720000000000 0.000520000000000 0.000360000000000
                  0.000000000000000 0.000248000000000 0.000240000000000 0.000224000000000 0.000208000000000 0.000208000000000 0.000200000000000 0.000200000000000 0.000200000000000 0.000176000000000 0.000184000000000 0.000600000000000 0.000656000000000 0.000704000000000 0.000624000000000 0.000440000000000 0.000320000000000 0.000520000000000 0.000640000000000 0.000768000000000 0.000800000000000 0.000720000000000 0.000520000000000 0.000360000000000
                  0.000000000000000 0.000000000000000 0.000000000000000 0.000000000000000 0.000000000000000 0.000000000000000 0.000000000000000 0.000000000000000 0.000000000000000 0.000000000000000 0.000000000000000 0.000000000000000 0.000000000000000 0.000000000000000 0.000000000000000 0.000000000000000 0.000000000000000 0.000000000000000 0.000000000000000 0.000000000000000 0.000000000000000 0.000000000000000 0.000000000000000 0.000000000000000
                  0.000000000000000 0.001410500000000 0.001365000000000 0.001274000000000 0.001183000000000 0.001183000000000 0.001137500000000 0.001137500000000 0.001137500000000 0.001001000000000 0.001046500000000 0.003412500000000 0.003731000000000 0.004004000000000 0.003549000000000 0.002502500000000 0.001820000000000 0.002957500000000 0.003640000000000 0.004368000000000 0.004550000000000 0.004095000000000 0.002957500000000 0.002047500000000
                  0.000000000000000 0.001860000000000 0.001800000000000 0.001680000000000 0.001560000000000 0.001560000000000 0.001500000000000 0.001500000000000 0.001500000000000 0.001320000000000 0.001380000000000 0.004500000000000 0.004920000000000 0.005280000000000 0.004680000000000 0.003300000000000 0.002400000000000 0.003900000000000 0.004800000000000 0.005760000000000 0.006000000000000 0.005400000000000 0.003900000000000 0.002700000000000
                  0.000000000000000 0.001860000000000 0.001800000000000 0.001680000000000 0.001560000000000 0.001560000000000 0.001500000000000 0.001500000000000 0.001500000000000 0.001320000000000 0.001380000000000 0.004500000000000 0.004920000000000 0.005280000000000 0.004680000000000 0.003300000000000 0.002400000000000 0.003900000000000 0.004800000000000 0.005760000000000 0.006000000000000 0.005400000000000 0.003900000000000 0.002700000000000
