function mpc = Act_data
    mpc.P_WT = [0.014385600000000 0.002446800000000 0.007284600000000 0.018297000000000 0.014364000000000 0.046197000000000 0.002436000000000 0.001960800000000 0.006828600000000 0.058740600000000 0.028143000000000 0.062286000000000 0.071089200000000 0.071400000000000 0.048734400000000 0.011760000000000 0.033840000000000 0.013735200000000 0.018600000000000 0.001500000000000 0.081840000000000 0.086299200000000 0.026242200000000 0.018716400000000
                0.006944400000000 0.000778800000000 0.002770200000000 0.007774800000000 0.011593800000000 0.020547000000000 0.006174000000000 0.000108300000000 0.000792300000000 0.001804800000000 0.028397400000000 0.022932000000000 0.022627800000000 0.026340000000000 0.021727200000000 0.030510000000000 0.033000000000000 0.047636700000000 0.020070000000000 0.032250000000000 0.002580000000000 0.045255600000000 0.003056100000000 0.004887000000000
                0.016857000000000 0.000108000000000 0.000499500000000 0.009842000000000 0.005092000000000 0.032670000000000 0.004755000000000 0.013490000000000 0.003002000000000 0.009705500000000 0.014098000000000 0.058415000000000 0.078078000000000 0.062250000000000 0.078760000000000 0.095500000000000 0.099650000000000 0.017557000000000 0.045800000000000 0.098250000000000 0.007950000000000 0.003705000000000 0.009668500000000 0.019413000000000
                0.014220000000000 0.001012000000000 0.000540000000000 0.012540000000000 0.017616800000000 0.001332000000000 0.004100000000000 0.015298800000000 0.010320800000000 0.014588800000000 0.040343600000000 0.027664000000000 0.028953600000000 0.022480000000000 0.039001600000000 0.048160000000000 0.034720000000000 0.022504000000000 0.019840000000000 0.064880000000000 0.024840000000000 0.039998400000000 0.024400000000000 0.001267200000000
                0.001303200000000 0.000412000000000 0.003855600000000 0.003788600000000 0.015481200000000 0.002664000000000 0.002564000000000 0.001808800000000 0.000250800000000 0.008046400000000 0.012285400000000 0.028868000000000 0.020061600000000 0.001040000000000 0.031820800000000 0.004840000000000 0.036420000000000 0.037461400000000 0.018800000000000 0.024120000000000 0.031980000000000 0.002262000000000 0.011211800000000 0.004658400000000
                ];
    mpc.Q_WT = [0.008330040000000 0.001438560000000 0.001701000000000 0.009859860000000 0.000246240000000 0.004033800000000 0.002775600000000 0.014497380000000 0.000092340000000 0.055759860000000 0.005037120000000 0.022037400000000 0.083566080000000 0.066312000000000 0.039299040000000 0.083214000000000 0.105732000000000 0.094964940000000 0.076410000000000 0.106866000000000 0.010962000000000 0.014910480000000 0.047203020000000 0.006356880000000
                0.005486940000000 0.000770040000000 0.002055780000000 0.008156700000000 0.007756560000000 0.000048600000000 0.002203200000000 0.005694300000000 0.001205550000000 0.009987030000000 0.006067440000000 0.007862400000000 0.042688620000000 0.056889000000000 0.022714560000000 0.002322000000000 0.026352000000000 0.025535250000000 0.031860000000000 0.045441000000000 0.055485000000000 0.026851500000000 0.023255640000000 0.000447120000000
                0.004382100000000 0.000860400000000 0.000716850000000 0.009593100000000 0.002052000000000 0.005528250000000 0.003978000000000 0.008139600000000 0.009251100000000 0.016010550000000 0.017601300000000 0.008536500000000 0.075078900000000 0.048825000000000 0.023443200000000 0.071100000000000 0.081270000000000 0.070625700000000 0.008100000000000 0.001575000000000 0.044595000000000 0.006107400000000 0.030634200000000 0.000024300000000
                0.004082400000000 0.000754560000000 0.006139800000000 0.004480200000000 0.004856400000000 0.017593200000000 0.004118400000000 0.008132760000000 0.011545920000000 0.024550920000000 0.040182480000000 0.012852000000000 0.006037200000000 0.052560000000000 0.022904640000000 0.001584000000000 0.057420000000000 0.032650200000000 0.024012000000000 0.001044000000000 0.005040000000000 0.008873280000000 0.030546360000000 0.009577440000000
                0.005106240000000 0.000625320000000 0.000568620000000 0.006364620000000 0.013830480000000 0.017172000000000 0.000923400000000 0.006819480000000 0.001138860000000 0.017123040000000 0.015998580000000 0.005758200000000 0.023320440000000 0.023832000000000 0.030444480000000 0.020556000000000 0.010602000000000 0.004068180000000 0.036108000000000 0.000630000000000 0.028962000000000 0.018153720000000 0.001723860000000 0.006573960000000
                ];
    mpc.P_PV = [0.000000000000001 0.000000000000001 0.000000000000001 0.000000000000001 0.005332800000000 0.005453600000000 0.018128000000000 0.045864000000000 0.019249600000000 0.001610400000000 0.033496000000000 0.027580000000000 0.028953600000000 0.005227200000000 0.038188800000000 0.025733600000000 0.000744000000000 0.005168000000000 0.000020800000000 0.000000000000001 0.000000000000001 0.000000000000001 0.000000000000001 0.000000000000001
                0.000000000000001 0.000000000000001 0.000000000000001 0.000000000000001 0.000897000000000 0.000159800000000 0.002233000000000 0.006711900000000 0.009036500000000 0.000762500000000 0.000424000000000 0.001529500000000 0.006275600000000 0.003839400000000 0.001822500000000 0.002422500000000 0.000199000000000 0.000165000000000 0.000203000000000 0.000000000000001 0.000000000000001 0.000000000000001 0.000000000000001 0.000000000000001
                0.000000000000001 0.000000000000001 0.000000000000001 0.000000000000001 0.004924800000000 0.005263200000000 0.017723200000000 0.007784400000000 0.019716000000000 0.011712000000000 0.034640800000000 0.020650000000000 0.008572400000000 0.007560000000000 0.006836400000000 0.013224000000000 0.001572000000000 0.003876000000000 0.000506400000000 0.000000000000001 0.000000000000001 0.000000000000001 0.000000000000001 0.000000000000001
                0.000000000000001 0.000000000000001 0.000000000000001 0.000000000000001 0.001704000000000 0.001489200000000 0.004202000000000 0.006700200000000 0.012190000000000 0.016518800000000 0.000964600000000 0.001323000000000 0.003108800000000 0.007182000000000 0.008116200000000 0.004484000000000 0.001436000000000 0.000296000000000 0.000084800000000 0.000000000000001 0.000000000000001 0.000000000000001 0.000000000000001 0.000000000000001
                0.000000000000001 0.000000000000001 0.000000000000001 0.000000000000001 0.005685000000000 0.000663000000000 0.013244000000000 0.011446500000000 0.020908500000000 0.013206500000000 0.044732000000000 0.020702500000000 0.028695500000000 0.010624500000000 0.004698000000000 0.008521500000000 0.004280000000000 0.003945000000000 0.000371000000000 0.000000000000001 0.000000000000001 0.000000000000001 0.000000000000001 0.000000000000001
                ];
