function mpc = fixed_data
    mpc.baseMVA = 10;
    mpc.Vb = 12.66;
    mpc.eta_loss_plan = 1;
    mpc.eta_RES_plan = 16; %40
    mpc.eta_ess_plan = 1; %0.4

    mpc.eta_loss_fluc = 1;
    mpc.eta_RES_fluc = 10;
    mpc.eta_sd_fluc = 8;
    mpc.eta_ess_fluc = 20; %20
    mpc.areaA = [69 1 2 3 4 5 6 7 8 9 10 35 46 47 48 49 50 51 52 53 54 55 56 57 58 59 60 61 62 63 64]; %四个区域都是哪些节点
    mpc.areaB = [27 28 29 30 31 32 33 34];
    mpc.areaC = [36 37 38 39 40 41 42 43 44 45];
    mpc.areaD = [10 11 12 13 14 15 16 17 18 19 20 21 22 23 24 25 26 65 66 67 68];
    mpc.ess = [6 0.04 0.04 0.4
               57 0.08 0.08 0.4
               32 0.01 0.02 0.06
               44 0.02 0.4 0.1
               24 0.08 0.04 0.1
               ];
    %mpc.ess(:,2:end) = mpc.ess(:,2:end)*2;
    mpc.load_sd = [3
                   8
                   11
                   27
                   36];
    mpc.WT = [2
              18
              19
              26
              33];
    mpc.PV = [42
              48
              58
              61
              64];
    mpc.branch = [69.00000000000000 + 0.000000000000000i	1.000000000000000 + 0.000000000000000i	0.000500000000000 + 0.001200000000000i
                  1.000000000000000 + 0.000000000000000i	2.000000000000000 + 0.000000000000000i	0.000500000000000 + 0.001200000000000i
                  2.000000000000000 + 0.000000000000000i	3.000000000000000 + 0.000000000000000i	0.001500000000000 + 0.003600000000000i
                  3.000000000000000 + 0.000000000000000i	4.000000000000000 + 0.000000000000000i	0.025100000000000 + 0.029400000000000i
                  4.000000000000000 + 0.000000000000000i	5.000000000000000 + 0.000000000000000i	0.366000000000000 + 0.186400000000000i
                  5.000000000000000 + 0.000000000000000i	6.000000000000000 + 0.000000000000000i	0.381000000000000 + 0.194100000000000i
                  6.000000000000000 + 0.000000000000000i	7.000000000000000 + 0.000000000000000i	0.092200000000000 + 0.047000000000000i
                  7.000000000000000 + 0.000000000000000i	8.000000000000000 + 0.000000000000000i	0.049300000000000 + 0.025100000000000i
                  8.000000000000000 + 0.000000000000000i	9.000000000000000 + 0.000000000000000i	0.819000000000000 + 0.270700000000000i
                  9.000000000000000 + 0.000000000000000i	10.00000000000000 + 0.000000000000000i	0.187200000000000 + 0.061900000000000i
                  10.00000000000000 + 0.000000000000000i	11.00000000000000 + 0.000000000000000i	0.711400000000000 + 0.235100000000000i
                  11.00000000000000 + 0.000000000000000i	12.00000000000000 + 0.000000000000000i	1.030000000000000 + 0.340000000000000i
                  12.00000000000000 + 0.000000000000000i	13.00000000000000 + 0.000000000000000i	1.044000000000000 + 0.340000000000000i
                  13.00000000000000 + 0.000000000000000i	14.00000000000000 + 0.000000000000000i	1.058000000000000 + 0.349600000000000i
                  14.00000000000000 + 0.000000000000000i	15.00000000000000 + 0.000000000000000i	0.196600000000000 + 0.065000000000000i
                  15.00000000000000 + 0.000000000000000i	16.00000000000000 + 0.000000000000000i	0.374400000000000 + 0.123800000000000i
                  16.00000000000000 + 0.000000000000000i	17.00000000000000 + 0.000000000000000i	0.004700000000000 + 0.001600000000000i
                  17.00000000000000 + 0.000000000000000i	18.00000000000000 + 0.000000000000000i	0.327600000000000 + 0.108300000000000i
                  18.00000000000000 + 0.000000000000000i	19.00000000000000 + 0.000000000000000i	0.210600000000000 + 0.069000000000000i
                  19.00000000000000 + 0.000000000000000i	20.00000000000000 + 0.000000000000000i	0.341600000000000 + 0.112900000000000i
                  20.00000000000000 + 0.000000000000000i	21.00000000000000 + 0.000000000000000i	0.014000000000000 + 0.004600000000000i
                  21.00000000000000 + 0.000000000000000i	22.00000000000000 + 0.000000000000000i	0.159100000000000 + 0.052600000000000i
                  22.00000000000000 + 0.000000000000000i	23.00000000000000 + 0.000000000000000i	0.346300000000000 + 0.114500000000000i
                  23.00000000000000 + 0.000000000000000i	24.00000000000000 + 0.000000000000000i	0.748800000000000 + 0.247500000000000i
                  24.00000000000000 + 0.000000000000000i	25.00000000000000 + 0.000000000000000i	0.308900000000000 + 0.102100000000000i
                  25.00000000000000 + 0.000000000000000i	26.00000000000000 + 0.000000000000000i	0.173200000000000 + 0.057200000000000i
                  2.000000000000000 + 0.000000000000000i	27.00000000000000 + 0.000000000000000i	0.004400000000000 + 0.010800000000000i
                  27.00000000000000 + 0.000000000000000i	28.00000000000000 + 0.000000000000000i	0.064000000000000 + 0.156500000000000i
                  28.00000000000000 + 0.000000000000000i	29.00000000000000 + 0.000000000000000i	0.397800000000000 + 0.131500000000000i
                  29.00000000000000 + 0.000000000000000i	30.00000000000000 + 0.000000000000000i	0.070200000000000 + 0.023200000000000i
                  30.00000000000000 + 0.000000000000000i	31.00000000000000 + 0.000000000000000i	0.351000000000000 + 0.116000000000000i
                  31.00000000000000 + 0.000000000000000i	32.00000000000000 + 0.000000000000000i	0.839000000000000 + 0.281600000000000i
                  32.00000000000000 + 0.000000000000000i	33.00000000000000 + 0.000000000000000i	1.708000000000000 + 0.564600000000000i
                  33.00000000000000 + 0.000000000000000i	34.00000000000000 + 0.000000000000000i	1.474000000000000 + 0.487300000000000i
                  2.000000000000000 + 0.000000000000000i	35.00000000000000 + 0.000000000000000i	0.004400000000000 + 0.010800000000000i
                  35.00000000000000 + 0.000000000000000i	36.00000000000000 + 0.000000000000000i	0.064000000000000 + 0.156500000000000i
                  36.00000000000000 + 0.000000000000000i	37.00000000000000 + 0.000000000000000i	0.105300000000000 + 0.123000000000000i
                  37.00000000000000 + 0.000000000000000i	38.00000000000000 + 0.000000000000000i	0.030400000000000 + 0.035500000000000i
                  38.00000000000000 + 0.000000000000000i	39.00000000000000 + 0.000000000000000i	0.001800000000000 + 0.002100000000000i
                  39.00000000000000 + 0.000000000000000i	40.00000000000000 + 0.000000000000000i	0.728300000000000 + 0.850900000000000i
                  40.00000000000000 + 0.000000000000000i	41.00000000000000 + 0.000000000000000i	0.310000000000000 + 0.362300000000000i
                  41.00000000000000 + 0.000000000000000i	42.00000000000000 + 0.000000000000000i	0.041000000000000 + 0.047800000000000i
                  42.00000000000000 + 0.000000000000000i	43.00000000000000 + 0.000000000000000i	0.009200000000000 + 0.011600000000000i
                  43.00000000000000 + 0.000000000000000i	44.00000000000000 + 0.000000000000000i	0.108900000000000 + 0.137300000000000i
                  44.00000000000000 + 0.000000000000000i	45.00000000000000 + 0.000000000000000i	0.000900000000000 + 0.001200000000000i
                  3.000000000000000 + 0.000000000000000i	46.00000000000000 + 0.000000000000000i	0.003400000000000 + 0.008400000000000i
                  46.00000000000000 + 0.000000000000000i	47.00000000000000 + 0.000000000000000i	0.085100000000000 + 0.208300000000000i
                  47.00000000000000 + 0.000000000000000i	48.00000000000000 + 0.000000000000000i	0.289800000000000 + 0.709100000000000i
                  48.00000000000000 + 0.000000000000000i	49.00000000000000 + 0.000000000000000i	0.082200000000000 + 0.201100000000000i
                  7.000000000000000 + 0.000000000000000i	50.00000000000000 + 0.000000000000000i	0.092800000000000 + 0.047300000000000i
                  50.00000000000000 + 0.000000000000000i	51.00000000000000 + 0.000000000000000i	0.331900000000000 + 0.114000000000000i
